0.000000 0.000000 0.000000
0.010000 0.000000 0.000000
0.020000 0.000000 0.000000
0.030000 0.000000 0.000000
0.040000 0.000000 0.000000
0.050000 0.000000 0.000000
0.060000 0.000000 0.000000
0.070000 0.000000 0.000000
0.080000 0.000000 0.000000
0.090000 0.000000 0.000000
0.100000 1.000000 0.000000
0.110000 1.000000 0.000000
0.120000 1.000000 0.000000
0.130000 1.000000 0.000000
0.140000 1.000000 0.000000
0.150000 1.000000 0.000000
0.160000 1.000000 0.000000
0.170000 1.000000 0.000000
0.180000 1.000000 0.000000
0.190000 1.000000 0.000000
0.200000 1.000000 0.000000
0.210000 1.000000 0.000000
0.220000 1.000000 0.000000
0.230000 1.000000 0.000000
0.240000 1.000000 0.000000
0.250000 1.000000 0.000000
0.260000 1.000000 0.000000
0.270000 1.000000 0.000000
0.280000 1.000000 0.000000
0.290000 1.000000 0.000000
0.300000 0.000000 0.000000
0.310000 0.000000 0.000000
0.320000 0.000000 0.000000
0.330000 0.000000 0.000000
0.340000 0.000000 0.000000
0.350000 0.000000 0.000000
0.360000 0.000000 0.000001
0.370000 0.000000 0.000003
0.380000 0.000000 0.000009
0.390000 0.000000 0.000023
0.400000 0.000000 0.000055
0.410000 0.000000 0.000128
0.420000 0.000000 0.000281
0.430000 0.000000 0.000593
0.440000 0.000000 0.001197
0.450000 0.000000 0.002320
0.460000 0.000000 0.004317
0.470000 0.000000 0.007716
0.480000 0.000000 0.013263
0.490000 0.000000 0.021938
0.500000 0.000000 0.034950
0.510000 0.000000 0.053676
0.520000 0.000000 0.079535
0.530000 0.000000 0.113813
0.540000 0.000000 0.157440
0.550000 0.000000 0.210761
0.560000 0.000000 0.273355
0.570000 0.000000 0.343939
0.580000 0.000000 0.420402
0.590000 0.000000 0.499977
0.600000 0.000000 0.579534
0.610000 0.000000 0.655930
0.620000 0.000000 0.726362
0.630000 0.000000 0.788646
0.640000 0.000000 0.841363
0.650000 0.000000 0.883867
0.660000 0.000000 0.916148
0.670000 0.000000 0.938608
0.680000 0.000000 0.951787
0.690000 0.000000 0.956125
0.700000 0.000000 0.951787
0.710000 0.000000 0.938608
0.720000 0.000000 0.916148
0.730000 0.000000 0.883867
0.740000 0.000000 0.841363
0.750000 0.000000 0.788646
0.760000 0.000000 0.726362
0.770000 0.000000 0.655930
0.780000 0.000000 0.579534
0.790000 0.000000 0.499977
0.800000 0.000000 0.420402
0.810000 0.000000 0.343939
0.820000 0.000000 0.273355
0.830000 0.000000 0.210761
0.840000 0.000000 0.157440
0.850000 0.000000 0.113813
0.860000 0.000000 0.079535
0.870000 0.000000 0.053676
0.880000 0.000000 0.034950
0.890000 0.000000 0.021938
0.900000 0.000000 0.013263
0.910000 0.000000 0.007716
0.920000 0.000000 0.004317
0.930000 0.000000 0.002320
0.940000 0.000000 0.001197
0.950000 0.000000 0.000593
0.960000 0.000000 0.000281
0.970000 0.000000 0.000128
0.980000 0.000000 0.000055
0.990000 0.000000 0.000023
1.000000 0.000000 0.000000
